// Matériau gris clair
materiau 0.5 0.5 0.5  0.6 0.6 0.6  0.6 0.6 0.6  50.0

// Tête (sphere)
sphere 0 1.5 -5 0.5

// Corps (boîte)
polygone 4  -0.3 1.0 -4.8   0.3 1.0 -4.8   0.3 0.5 -4.8   -0.3 0.5 -4.8
polygone 4  -0.3 1.0 -5.2   0.3 1.0 -5.2   0.3 0.5 -5.2   -0.3 0.5 -5.2
polygone 4  -0.3 1.0 -5.2  -0.3 1.0 -4.8  -0.3 0.5 -4.8  -0.3 0.5 -5.2
polygone 4   0.3 1.0 -5.2   0.3 1.0 -4.8   0.3 0.5 -4.8   0.3 0.5 -5.2
polygone 4  -0.3 1.0 -4.8   0.3 1.0 -4.8   0.3 1.0 -5.2   -0.3 1.0 -5.2
polygone 4  -0.3 0.5 -4.8   0.3 0.5 -4.8   0.3 0.5 -5.2   -0.3 0.5 -5.2

// Jambe gauche
polygone 4  -0.25 0.5 -4.9   -0.05 0.5 -4.9   -0.05 0.0 -4.9   -0.25 0.0 -4.9
polygone 4  -0.25 0.5 -5.1   -0.05 0.5 -5.1   -0.05 0.0 -5.1   -0.25 0.0 -5.1
polygone 4  -0.25 0.5 -5.1   -0.25 0.5 -4.9   -0.25 0.0 -4.9   -0.25 0.0 -5.1
polygone 4  -0.05 0.5 -5.1   -0.05 0.5 -4.9   -0.05 0.0 -4.9   -0.05 0.0 -5.1
polygone 4  -0.25 0.5 -4.9   -0.05 0.5 -4.9   -0.05 0.5 -5.1   -0.25 0.5 -5.1
polygone 4  -0.25 0.0 -4.9   -0.05 0.0 -4.9   -0.05 0.0 -5.1   -0.25 0.0 -5.1

// Jambe droite (symétrique)
polygone 4   0.05 0.5 -4.9    0.25 0.5 -4.9    0.25 0.0 -4.9    0.05 0.0 -4.9
polygone 4   0.05 0.5 -5.1    0.25 0.5 -5.1    0.25 0.0 -5.1    0.05 0.0 -5.1
polygone 4   0.05 0.5 -5.1    0.05 0.5 -4.9    0.05 0.0 -4.9    0.05 0.0 -5.1
polygone 4   0.25 0.5 -5.1    0.25 0.5 -4.9    0.25 0.0 -4.9    0.25 0.0 -5.1
polygone 4   0.05 0.5 -4.9    0.25 0.5 -4.9    0.25 0.5 -5.1    0.05 0.5 -5.1
polygone 4   0.05 0.0 -4.9    0.25 0.0 -4.9    0.25 0.0 -5.1    0.05 0.0 -5.1

// Sol
materiau 0.2 0.6 0.2  0.2 0.6 0.2  0.2 0.6 0.2  10.0
polygone 4  -10 -0.01 -10   10 -0.01 -10   10 -0.01 10   -10 -0.01 10

// Lumière
source 0 5 -3 1 1 1
source 5 5 -5 1 1 1
